3.282954857268105542e+01 2.001990545779943176e+01
1.545642524084849256e+01 2.696486669274296588e+01
1.842104461334587739e+01 1.825222908733471172e+01
2.969060533760526255e+01 3.243941518003695990e+01
2.163955674239256766e+01 2.279715561173031801e+01
3.199155453062416399e+01 2.507716689730634840e+01
1.538616372985197067e+01 2.093615925837941916e+01
0.000000000000000000e+00 0.000000000000000000e+00
2.685114095400087209e+01 2.435289824295978889e+01
0.000000000000000000e+00 0.000000000000000000e+00
1.628634117131375092e+01 1.561473484144616464e+01
3.108049643440712728e+01 2.351875051980960052e+01
2.459625562286782952e+01 3.026525527693920381e+01
0.000000000000000000e+00 0.000000000000000000e+00
2.358027947575242678e+01 3.060184502376248616e+01
0.000000000000000000e+00 0.000000000000000000e+00
1.706388872102942145e+01 2.516508985451681113e+01
0.000000000000000000e+00 0.000000000000000000e+00
3.264637059672344321e+01 1.573511833888863087e+01
2.028720793069933848e+01 2.115315726063999691e+01
2.898528042796537108e+01 2.386488776028878078e+01
0.000000000000000000e+00 0.000000000000000000e+00
2.980476184432759368e+01 3.222097171485094691e+01
0.000000000000000000e+00 0.000000000000000000e+00
2.840417279049488286e+01 2.421895592910403394e+01
2.209387749139074941e+01 3.397643462411456738e+01
2.183720411680967999e+01 2.205836724819546291e+01
0.000000000000000000e+00 0.000000000000000000e+00
1.565601549141238635e+01 2.050323822853011180e+01
3.002868747827234941e+01 2.911467269457581963e+01
2.050281682706326336e+01 1.906097687939769258e+01
0.000000000000000000e+00 0.000000000000000000e+00
2.207196173260874517e+01 1.966048269134639170e+01
1.953426514222116950e+01 2.770952123915674292e+01
2.123614316474117203e+01 3.060589975634118787e+01
0.000000000000000000e+00 0.000000000000000000e+00
3.155680369366927707e+01 1.706986114884367822e+01
2.293963544231732854e+01 2.401118139657458528e+01
2.426862463367717737e+01 1.749328671152755987e+01
1.939625528150380518e+01 3.279488182279588671e+01
2.425330559840460865e+01 2.462759181625662208e+01
0.000000000000000000e+00 0.000000000000000000e+00
2.851483959828883741e+01 2.521376844894302138e+01
1.638565545741818852e+01 2.670764688327691516e+01
2.728853736881132619e+01 3.123621502634699354e+01
0.000000000000000000e+00 0.000000000000000000e+00
3.327868912903750953e+01 2.100226228122806305e+01
3.234980749150585666e+01 3.229782476305997108e+01
1.746861300872630096e+01 1.859527658769266623e+01
2.661121536745782024e+01 2.893306574985731316e+01
2.246196627400949808e+01 3.336588898217105736e+01
0.000000000000000000e+00 0.000000000000000000e+00
2.298587249467236759e+01 1.677068268612656965e+01
1.661342962855416872e+01 2.759246308154431304e+01
2.748629658672687270e+01 2.743228780677839040e+01
0.000000000000000000e+00 0.000000000000000000e+00
2.157038006550002152e+01 2.114402231017307088e+01
0.000000000000000000e+00 0.000000000000000000e+00
2.070135790082950322e+01 2.778624435590815978e+01
0.000000000000000000e+00 0.000000000000000000e+00
1.891075053834202180e+01 1.703810243888013432e+01
3.248409505564958977e+01 2.630525638938777533e+01
2.109874746296529224e+01 2.782059503139971213e+01
0.000000000000000000e+00 0.000000000000000000e+00
3.238315619366831299e+01 1.485033680342484352e+01
2.387000667652447206e+01 2.050900685261195022e+01
2.936997300322290272e+01 1.527070742782998281e+01
1.725751206444535413e+01 3.164989296716801093e+01
1.921350637375428150e+01 1.616973218445070160e+01
3.376547528555168753e+01 2.101413083864542131e+01
1.626454625168724277e+01 2.953698190658322886e+01
0.000000000000000000e+00 0.000000000000000000e+00
2.047001361201555980e+01 1.919050428401263986e+01
3.020516125391737461e+01 3.014230585788925154e+01
1.850226685714849850e+01 2.184649727353212967e+01
0.000000000000000000e+00 0.000000000000000000e+00
2.336398810942878868e+01 2.289405883132931052e+01
0.000000000000000000e+00 0.000000000000000000e+00
2.892275516314808215e+01 1.969951319332740880e+01
0.000000000000000000e+00 0.000000000000000000e+00
1.554641116181880278e+01 3.110499222108661144e+01
0.000000000000000000e+00 0.000000000000000000e+00
2.551026141177439399e+01 2.024215440974908375e+01
2.503630140564521867e+01 3.128388936670476639e+01
2.354336630935187458e+01 2.203341260139461966e+01
2.998823496412293821e+01 3.012859881634835801e+01
3.333778014621036334e+01 2.432892196352501202e+01
0.000000000000000000e+00 0.000000000000000000e+00
1.737747839037898956e+01 1.871813875505912250e+01
1.532142502528212091e+01 3.232238414495868994e+01
2.103986899292199553e+01 2.826807334336341881e+01
0.000000000000000000e+00 0.000000000000000000e+00
1.606913505136290254e+01 2.883386002148365534e+01
3.150228002630152702e+01 3.422043939549082836e+01
2.291551935464727308e+01 1.601366345705402949e+01
2.554116754822508284e+01 3.371809538386681027e+01
2.493441436708314285e+01 3.432752561347925990e+01
0.000000000000000000e+00 0.000000000000000000e+00
2.584158624161584683e+01 2.687281224236746624e+01
0.000000000000000000e+00 0.000000000000000000e+00
3.188984104881237158e+01 2.306436827214854191e+01
0.000000000000000000e+00 0.000000000000000000e+00
1.975151982995619449e+01 2.914700544211963873e+01
3.078685312890607406e+01 3.069626829779028299e+01
1.502116995258726817e+01 2.054325073220838860e+01
2.687428791472009237e+01 2.518979209603696390e+01
1.520571391210786416e+01 2.133044539947089646e+01
0.000000000000000000e+00 0.000000000000000000e+00
2.161556225413615095e+01 3.213448266305128698e+01
0.000000000000000000e+00 0.000000000000000000e+00
2.911734152104991580e+01 2.017160418993487880e+01
1.997411403989678291e+01 3.276066435769551788e+01
2.087443562452147106e+01 1.645231597004573487e+01
1.678090143941922108e+01 2.446892486824465252e+01
1.557771005215334270e+01 1.842123876096781387e+01
2.716460452396866287e+01 2.009088955610395288e+01
1.755468568416712927e+01 2.245824594501468141e+01
0.000000000000000000e+00 0.000000000000000000e+00
1.623708523320979680e+01 2.117319762660217464e+01
3.148184960452161008e+01 2.663254362001469033e+01
1.878763131607084702e+01 2.138830041866976472e+01
1.549960789813707329e+01 3.308967842542185167e+01
1.609760263636664135e+01 2.577292543757584653e+01
2.467269699892094081e+01 2.807951449910413899e+01
2.925723777836276085e+01 2.181317859936488901e+01
2.756366972154329531e+01 3.245149408593709239e+01
1.693746791528014839e+01 1.670307976254154525e+01
0.000000000000000000e+00 0.000000000000000000e+00
2.278812695935479482e+01 3.183031484151108614e+01
0.000000000000000000e+00 0.000000000000000000e+00
1.580474225593662041e+01 2.724738892557463998e+01
2.844719521362674541e+01 2.623699483734972304e+01
2.433440690113062388e+01 3.158640136655072794e+01
0.000000000000000000e+00 0.000000000000000000e+00
1.733777991294019927e+01 2.546269795831124227e+01
0.000000000000000000e+00 0.000000000000000000e+00
2.255565622684873262e+01 1.800341306474597758e+01
0.000000000000000000e+00 0.000000000000000000e+00
3.021389156684528743e+01 2.434622259149769263e+01
0.000000000000000000e+00 0.000000000000000000e+00
2.398177921455489070e+01 2.415139078483216650e+01
1.926681287294566047e+01 3.298228246855727264e+01
1.870620650278549846e+01 1.449749958651901949e+01
3.367464241801844338e+01 2.888205545767215199e+01
2.848292766837018419e+01 2.587409066741072294e+01
0.000000000000000000e+00 0.000000000000000000e+00
2.491972141129391716e+01 2.825118917895478532e+01
0.000000000000000000e+00 0.000000000000000000e+00
3.198146636080388205e+01 1.943441774447722992e+01
2.134593436236895769e+01 3.137965123513704668e+01
2.804256544679692809e+01 1.886832712195415596e+01
1.609328668395948725e+01 3.263389086207580903e+01
2.854370555319592029e+01 2.725828955696939815e+01
1.478325250747092667e+01 2.800836232823425931e+01
2.009388422763685256e+01 2.341703488066325889e+01
3.189663991719599778e+01 3.279462213339525078e+01
2.425052666124099332e+01 1.605277666601744002e+01
2.685562034868635095e+01 2.800244941743184768e+01
3.273002249681436382e+01 1.953575378563104437e+01
2.480319728065335738e+01 3.343891069833020424e+01
3.144845567846691381e+01 1.834861459263770200e+01
3.047653969448778000e+01 3.207591875977374940e+01
2.791074367352358720e+01 3.304908592214483321e+01
0.000000000000000000e+00 0.000000000000000000e+00
1.905900875537297523e+01 1.838849797623827698e+01
1.964887990943502771e+01 2.795170324794749561e+01
2.286338004063325613e+01 2.090136826271813320e+01
0.000000000000000000e+00 0.000000000000000000e+00
2.358962017324382998e+01 1.479561203391785185e+01
2.972761707504423612e+01 3.415482599638290395e+01
3.232700284240197419e+01 2.953079933342333518e+01
1.743567522982640483e+01 2.646073635114164091e+01
2.375910996675772680e+01 1.683659288431029211e+01
3.443662293702698207e+01 3.194557672773783352e+01
3.422324094323143839e+01 2.068148869719997407e+01
2.259555447400203576e+01 1.726863252097635382e+01
2.202304166248881145e+01 1.474353024146624058e+01
0.000000000000000000e+00 0.000000000000000000e+00
2.742216771014373222e+01 2.027020839591261847e+01
0.000000000000000000e+00 0.000000000000000000e+00
2.053590942895039007e+01 2.103947473731594187e+01
2.400809997457173850e+01 3.270471724158883120e+01
1.736572626643968675e+01 1.837124206024782325e+01
0.000000000000000000e+00 0.000000000000000000e+00
2.707177578526400552e+01 3.047790768757972657e+01
0.000000000000000000e+00 0.000000000000000000e+00
3.217806165383355221e+01 1.985249104024603994e+01
1.906144054023633316e+01 2.303588023264378748e+01
1.520905057593152776e+01 2.206736210923122243e+01
3.176988299857363529e+01 2.030732821868900118e+01
2.359045187939356225e+01 2.040411154338628918e+01
0.000000000000000000e+00 0.000000000000000000e+00
2.833380950272017884e+01 1.981165052523066450e+01
0.000000000000000000e+00 0.000000000000000000e+00
2.326431226854954559e+01 2.451416111978243606e+01
3.192937094979555468e+01 3.068946287985039589e+01
3.142980174020839712e+01 2.636764275917389710e+01
1.503787919172075505e+01 2.844377168492973595e+01
2.844633032541994311e+01 2.223269567234828514e+01
3.290422266459998468e+01 3.209264810367144349e+01
0.000000000000000000e+00 0.000000000000000000e+00
0.000000000000000000e+00 0.000000000000000000e+00
0.000000000000000000e+00 0.000000000000000000e+00
0.000000000000000000e+00 0.000000000000000000e+00
0.000000000000000000e+00 0.000000000000000000e+00
0.000000000000000000e+00 0.000000000000000000e+00
0.000000000000000000e+00 0.000000000000000000e+00
0.000000000000000000e+00 0.000000000000000000e+00
0.000000000000000000e+00 0.000000000000000000e+00
0.000000000000000000e+00 0.000000000000000000e+00
0.000000000000000000e+00 0.000000000000000000e+00
0.000000000000000000e+00 0.000000000000000000e+00
0.000000000000000000e+00 0.000000000000000000e+00
0.000000000000000000e+00 0.000000000000000000e+00
0.000000000000000000e+00 0.000000000000000000e+00
0.000000000000000000e+00 0.000000000000000000e+00
0.000000000000000000e+00 0.000000000000000000e+00
0.000000000000000000e+00 0.000000000000000000e+00
0.000000000000000000e+00 0.000000000000000000e+00
0.000000000000000000e+00 0.000000000000000000e+00
0.000000000000000000e+00 0.000000000000000000e+00
0.000000000000000000e+00 0.000000000000000000e+00
0.000000000000000000e+00 0.000000000000000000e+00
0.000000000000000000e+00 0.000000000000000000e+00
0.000000000000000000e+00 0.000000000000000000e+00
0.000000000000000000e+00 0.000000000000000000e+00
0.000000000000000000e+00 0.000000000000000000e+00
0.000000000000000000e+00 0.000000000000000000e+00
0.000000000000000000e+00 0.000000000000000000e+00
0.000000000000000000e+00 0.000000000000000000e+00
0.000000000000000000e+00 0.000000000000000000e+00
0.000000000000000000e+00 0.000000000000000000e+00
0.000000000000000000e+00 0.000000000000000000e+00
0.000000000000000000e+00 0.000000000000000000e+00
0.000000000000000000e+00 0.000000000000000000e+00
0.000000000000000000e+00 0.000000000000000000e+00
0.000000000000000000e+00 0.000000000000000000e+00
0.000000000000000000e+00 0.000000000000000000e+00
0.000000000000000000e+00 0.000000000000000000e+00
0.000000000000000000e+00 0.000000000000000000e+00
0.000000000000000000e+00 0.000000000000000000e+00
0.000000000000000000e+00 0.000000000000000000e+00
0.000000000000000000e+00 0.000000000000000000e+00
0.000000000000000000e+00 0.000000000000000000e+00
0.000000000000000000e+00 0.000000000000000000e+00
0.000000000000000000e+00 0.000000000000000000e+00
0.000000000000000000e+00 0.000000000000000000e+00
0.000000000000000000e+00 0.000000000000000000e+00
0.000000000000000000e+00 0.000000000000000000e+00
0.000000000000000000e+00 0.000000000000000000e+00
0.000000000000000000e+00 0.000000000000000000e+00
0.000000000000000000e+00 0.000000000000000000e+00
0.000000000000000000e+00 0.000000000000000000e+00
0.000000000000000000e+00 0.000000000000000000e+00
0.000000000000000000e+00 0.000000000000000000e+00
0.000000000000000000e+00 0.000000000000000000e+00
0.000000000000000000e+00 0.000000000000000000e+00
0.000000000000000000e+00 0.000000000000000000e+00
0.000000000000000000e+00 0.000000000000000000e+00
0.000000000000000000e+00 0.000000000000000000e+00
0.000000000000000000e+00 0.000000000000000000e+00
0.000000000000000000e+00 0.000000000000000000e+00
0.000000000000000000e+00 0.000000000000000000e+00
0.000000000000000000e+00 0.000000000000000000e+00
0.000000000000000000e+00 0.000000000000000000e+00
0.000000000000000000e+00 0.000000000000000000e+00
0.000000000000000000e+00 0.000000000000000000e+00
0.000000000000000000e+00 0.000000000000000000e+00
0.000000000000000000e+00 0.000000000000000000e+00
0.000000000000000000e+00 0.000000000000000000e+00
0.000000000000000000e+00 0.000000000000000000e+00
0.000000000000000000e+00 0.000000000000000000e+00
0.000000000000000000e+00 0.000000000000000000e+00
0.000000000000000000e+00 0.000000000000000000e+00
0.000000000000000000e+00 0.000000000000000000e+00
0.000000000000000000e+00 0.000000000000000000e+00
0.000000000000000000e+00 0.000000000000000000e+00
0.000000000000000000e+00 0.000000000000000000e+00
0.000000000000000000e+00 0.000000000000000000e+00
0.000000000000000000e+00 0.000000000000000000e+00
0.000000000000000000e+00 0.000000000000000000e+00
0.000000000000000000e+00 0.000000000000000000e+00
0.000000000000000000e+00 0.000000000000000000e+00
0.000000000000000000e+00 0.000000000000000000e+00
0.000000000000000000e+00 0.000000000000000000e+00
0.000000000000000000e+00 0.000000000000000000e+00
0.000000000000000000e+00 0.000000000000000000e+00
0.000000000000000000e+00 0.000000000000000000e+00
0.000000000000000000e+00 0.000000000000000000e+00
0.000000000000000000e+00 0.000000000000000000e+00
0.000000000000000000e+00 0.000000000000000000e+00
0.000000000000000000e+00 0.000000000000000000e+00
0.000000000000000000e+00 0.000000000000000000e+00
0.000000000000000000e+00 0.000000000000000000e+00
0.000000000000000000e+00 0.000000000000000000e+00
0.000000000000000000e+00 0.000000000000000000e+00
0.000000000000000000e+00 0.000000000000000000e+00
0.000000000000000000e+00 0.000000000000000000e+00
0.000000000000000000e+00 0.000000000000000000e+00
0.000000000000000000e+00 0.000000000000000000e+00
0.000000000000000000e+00 0.000000000000000000e+00
0.000000000000000000e+00 0.000000000000000000e+00
0.000000000000000000e+00 0.000000000000000000e+00
0.000000000000000000e+00 0.000000000000000000e+00
0.000000000000000000e+00 0.000000000000000000e+00
0.000000000000000000e+00 0.000000000000000000e+00
0.000000000000000000e+00 0.000000000000000000e+00
0.000000000000000000e+00 0.000000000000000000e+00
0.000000000000000000e+00 0.000000000000000000e+00
0.000000000000000000e+00 0.000000000000000000e+00
0.000000000000000000e+00 0.000000000000000000e+00
0.000000000000000000e+00 0.000000000000000000e+00
0.000000000000000000e+00 0.000000000000000000e+00
0.000000000000000000e+00 0.000000000000000000e+00
0.000000000000000000e+00 0.000000000000000000e+00
0.000000000000000000e+00 0.000000000000000000e+00
0.000000000000000000e+00 0.000000000000000000e+00
0.000000000000000000e+00 0.000000000000000000e+00
0.000000000000000000e+00 0.000000000000000000e+00
0.000000000000000000e+00 0.000000000000000000e+00
0.000000000000000000e+00 0.000000000000000000e+00
0.000000000000000000e+00 0.000000000000000000e+00
0.000000000000000000e+00 0.000000000000000000e+00
0.000000000000000000e+00 0.000000000000000000e+00
0.000000000000000000e+00 0.000000000000000000e+00
0.000000000000000000e+00 0.000000000000000000e+00
0.000000000000000000e+00 0.000000000000000000e+00
0.000000000000000000e+00 0.000000000000000000e+00
0.000000000000000000e+00 0.000000000000000000e+00
0.000000000000000000e+00 0.000000000000000000e+00
0.000000000000000000e+00 0.000000000000000000e+00
0.000000000000000000e+00 0.000000000000000000e+00
0.000000000000000000e+00 0.000000000000000000e+00
0.000000000000000000e+00 0.000000000000000000e+00
0.000000000000000000e+00 0.000000000000000000e+00
0.000000000000000000e+00 0.000000000000000000e+00
0.000000000000000000e+00 0.000000000000000000e+00
0.000000000000000000e+00 0.000000000000000000e+00
0.000000000000000000e+00 0.000000000000000000e+00
0.000000000000000000e+00 0.000000000000000000e+00
0.000000000000000000e+00 0.000000000000000000e+00
0.000000000000000000e+00 0.000000000000000000e+00
0.000000000000000000e+00 0.000000000000000000e+00
0.000000000000000000e+00 0.000000000000000000e+00
0.000000000000000000e+00 0.000000000000000000e+00
0.000000000000000000e+00 0.000000000000000000e+00
0.000000000000000000e+00 0.000000000000000000e+00
0.000000000000000000e+00 0.000000000000000000e+00
0.000000000000000000e+00 0.000000000000000000e+00
0.000000000000000000e+00 0.000000000000000000e+00
0.000000000000000000e+00 0.000000000000000000e+00
0.000000000000000000e+00 0.000000000000000000e+00
0.000000000000000000e+00 0.000000000000000000e+00
0.000000000000000000e+00 0.000000000000000000e+00
0.000000000000000000e+00 0.000000000000000000e+00
0.000000000000000000e+00 0.000000000000000000e+00
0.000000000000000000e+00 0.000000000000000000e+00
0.000000000000000000e+00 0.000000000000000000e+00
0.000000000000000000e+00 0.000000000000000000e+00
0.000000000000000000e+00 0.000000000000000000e+00
0.000000000000000000e+00 0.000000000000000000e+00
0.000000000000000000e+00 0.000000000000000000e+00
0.000000000000000000e+00 0.000000000000000000e+00
0.000000000000000000e+00 0.000000000000000000e+00
0.000000000000000000e+00 0.000000000000000000e+00
0.000000000000000000e+00 0.000000000000000000e+00
0.000000000000000000e+00 0.000000000000000000e+00
0.000000000000000000e+00 0.000000000000000000e+00
0.000000000000000000e+00 0.000000000000000000e+00
0.000000000000000000e+00 0.000000000000000000e+00
0.000000000000000000e+00 0.000000000000000000e+00
0.000000000000000000e+00 0.000000000000000000e+00
0.000000000000000000e+00 0.000000000000000000e+00
0.000000000000000000e+00 0.000000000000000000e+00
0.000000000000000000e+00 0.000000000000000000e+00
0.000000000000000000e+00 0.000000000000000000e+00
0.000000000000000000e+00 0.000000000000000000e+00
0.000000000000000000e+00 0.000000000000000000e+00
0.000000000000000000e+00 0.000000000000000000e+00
0.000000000000000000e+00 0.000000000000000000e+00
0.000000000000000000e+00 0.000000000000000000e+00
0.000000000000000000e+00 0.000000000000000000e+00
0.000000000000000000e+00 0.000000000000000000e+00
0.000000000000000000e+00 0.000000000000000000e+00
0.000000000000000000e+00 0.000000000000000000e+00
0.000000000000000000e+00 0.000000000000000000e+00
0.000000000000000000e+00 0.000000000000000000e+00
0.000000000000000000e+00 0.000000000000000000e+00
0.000000000000000000e+00 0.000000000000000000e+00
0.000000000000000000e+00 0.000000000000000000e+00
0.000000000000000000e+00 0.000000000000000000e+00
0.000000000000000000e+00 0.000000000000000000e+00
0.000000000000000000e+00 0.000000000000000000e+00
0.000000000000000000e+00 0.000000000000000000e+00
0.000000000000000000e+00 0.000000000000000000e+00
0.000000000000000000e+00 0.000000000000000000e+00
0.000000000000000000e+00 0.000000000000000000e+00
0.000000000000000000e+00 0.000000000000000000e+00
0.000000000000000000e+00 0.000000000000000000e+00
0.000000000000000000e+00 0.000000000000000000e+00
0.000000000000000000e+00 0.000000000000000000e+00
0.000000000000000000e+00 0.000000000000000000e+00
0.000000000000000000e+00 0.000000000000000000e+00
0.000000000000000000e+00 0.000000000000000000e+00
0.000000000000000000e+00 0.000000000000000000e+00
0.000000000000000000e+00 0.000000000000000000e+00
0.000000000000000000e+00 0.000000000000000000e+00
0.000000000000000000e+00 0.000000000000000000e+00
0.000000000000000000e+00 0.000000000000000000e+00
0.000000000000000000e+00 0.000000000000000000e+00
0.000000000000000000e+00 0.000000000000000000e+00
0.000000000000000000e+00 0.000000000000000000e+00
0.000000000000000000e+00 0.000000000000000000e+00
0.000000000000000000e+00 0.000000000000000000e+00
0.000000000000000000e+00 0.000000000000000000e+00
0.000000000000000000e+00 0.000000000000000000e+00
0.000000000000000000e+00 0.000000000000000000e+00
0.000000000000000000e+00 0.000000000000000000e+00
0.000000000000000000e+00 0.000000000000000000e+00
0.000000000000000000e+00 0.000000000000000000e+00
0.000000000000000000e+00 0.000000000000000000e+00
0.000000000000000000e+00 0.000000000000000000e+00
0.000000000000000000e+00 0.000000000000000000e+00
0.000000000000000000e+00 0.000000000000000000e+00
0.000000000000000000e+00 0.000000000000000000e+00
0.000000000000000000e+00 0.000000000000000000e+00
0.000000000000000000e+00 0.000000000000000000e+00
0.000000000000000000e+00 0.000000000000000000e+00
0.000000000000000000e+00 0.000000000000000000e+00
0.000000000000000000e+00 0.000000000000000000e+00
0.000000000000000000e+00 0.000000000000000000e+00
0.000000000000000000e+00 0.000000000000000000e+00
0.000000000000000000e+00 0.000000000000000000e+00
0.000000000000000000e+00 0.000000000000000000e+00
0.000000000000000000e+00 0.000000000000000000e+00
0.000000000000000000e+00 0.000000000000000000e+00
0.000000000000000000e+00 0.000000000000000000e+00
0.000000000000000000e+00 0.000000000000000000e+00
0.000000000000000000e+00 0.000000000000000000e+00
0.000000000000000000e+00 0.000000000000000000e+00
0.000000000000000000e+00 0.000000000000000000e+00
0.000000000000000000e+00 0.000000000000000000e+00
0.000000000000000000e+00 0.000000000000000000e+00
0.000000000000000000e+00 0.000000000000000000e+00
0.000000000000000000e+00 0.000000000000000000e+00
0.000000000000000000e+00 0.000000000000000000e+00
0.000000000000000000e+00 0.000000000000000000e+00
0.000000000000000000e+00 0.000000000000000000e+00
0.000000000000000000e+00 0.000000000000000000e+00
0.000000000000000000e+00 0.000000000000000000e+00
0.000000000000000000e+00 0.000000000000000000e+00
0.000000000000000000e+00 0.000000000000000000e+00
0.000000000000000000e+00 0.000000000000000000e+00
0.000000000000000000e+00 0.000000000000000000e+00
0.000000000000000000e+00 0.000000000000000000e+00
0.000000000000000000e+00 0.000000000000000000e+00
0.000000000000000000e+00 0.000000000000000000e+00
0.000000000000000000e+00 0.000000000000000000e+00
0.000000000000000000e+00 0.000000000000000000e+00
0.000000000000000000e+00 0.000000000000000000e+00
0.000000000000000000e+00 0.000000000000000000e+00
0.000000000000000000e+00 0.000000000000000000e+00
0.000000000000000000e+00 0.000000000000000000e+00
0.000000000000000000e+00 0.000000000000000000e+00
0.000000000000000000e+00 0.000000000000000000e+00
0.000000000000000000e+00 0.000000000000000000e+00
0.000000000000000000e+00 0.000000000000000000e+00
0.000000000000000000e+00 0.000000000000000000e+00
0.000000000000000000e+00 0.000000000000000000e+00
0.000000000000000000e+00 0.000000000000000000e+00
0.000000000000000000e+00 0.000000000000000000e+00
0.000000000000000000e+00 0.000000000000000000e+00
0.000000000000000000e+00 0.000000000000000000e+00
0.000000000000000000e+00 0.000000000000000000e+00
0.000000000000000000e+00 0.000000000000000000e+00
0.000000000000000000e+00 0.000000000000000000e+00
0.000000000000000000e+00 0.000000000000000000e+00
0.000000000000000000e+00 0.000000000000000000e+00
0.000000000000000000e+00 0.000000000000000000e+00
0.000000000000000000e+00 0.000000000000000000e+00
0.000000000000000000e+00 0.000000000000000000e+00
0.000000000000000000e+00 0.000000000000000000e+00
0.000000000000000000e+00 0.000000000000000000e+00
0.000000000000000000e+00 0.000000000000000000e+00
0.000000000000000000e+00 0.000000000000000000e+00
0.000000000000000000e+00 0.000000000000000000e+00
0.000000000000000000e+00 0.000000000000000000e+00
0.000000000000000000e+00 0.000000000000000000e+00
0.000000000000000000e+00 0.000000000000000000e+00
0.000000000000000000e+00 0.000000000000000000e+00
0.000000000000000000e+00 0.000000000000000000e+00
0.000000000000000000e+00 0.000000000000000000e+00
0.000000000000000000e+00 0.000000000000000000e+00
0.000000000000000000e+00 0.000000000000000000e+00
0.000000000000000000e+00 0.000000000000000000e+00
0.000000000000000000e+00 0.000000000000000000e+00
0.000000000000000000e+00 0.000000000000000000e+00
0.000000000000000000e+00 0.000000000000000000e+00
0.000000000000000000e+00 0.000000000000000000e+00
0.000000000000000000e+00 0.000000000000000000e+00
